# frame_id, PSNR_pred, PSNR_pred_mask, SSIM_pred, LPIPS_pred, time (milliseconds)
0 18.59 18.59 0.75 0.1969 548.03
1 15.04 15.04 0.77 0.1756 360.28
2 15.21 15.21 0.79 0.1357 320.24
3 17.64 17.64 0.81 0.1348 340.14
4 19.17 19.17 0.81 0.1176 353.61
5 19.74 19.74 0.79 0.1153 331.21
6 21.27 21.27 0.84 0.1147 229.87
7 23.09 23.09 0.83 0.1488 287.42
8 21.93 21.93 0.81 0.1269 300.35
9 23.27 23.27 0.83 0.1325 296.60
10 20.23 20.23 0.79 0.1058 324.88
11 22.08 22.08 0.82 0.0794 333.52
12 21.53 21.53 0.82 0.0868 266.51
13 21.76 21.76 0.70 0.0897 258.02
14 22.60 22.60 0.80 0.0848 326.57
15 21.97 21.97 0.72 0.0798 358.74
16 23.52 23.52 0.81 0.0777 375.86
17 22.05 22.05 0.74 0.1062 276.60
18 20.07 20.07 0.60 0.1057 387.01
19 22.10 22.10 0.69 0.0881 319.73
20 23.60 23.60 0.83 0.0814 335.48
21 21.74 21.74 0.77 0.1299 335.48
22 21.72 21.72 0.70 0.1085 340.76
23 21.74 21.74 0.78 0.1151 355.93
24 22.16 22.16 0.78 0.1142 347.41
25 22.47 22.47 0.80 0.1169 362.98
26 22.72 22.72 0.80 0.1145 313.92
27 20.75 20.75 0.76 0.1576 417.57
28 21.20 21.20 0.79 0.1378 367.69
29 20.85 20.85 0.79 0.1328 347.54
30 22.02 22.02 0.80 0.1300 359.00
31 20.98 20.98 0.77 0.1327 311.01
32 19.47 19.47 0.77 0.1245 347.53
33 20.42 20.42 0.78 0.1253 343.46
34 21.94 21.94 0.80 0.1287 362.66
35 21.35 21.35 0.79 0.1099 320.76
36 22.22 22.22 0.79 0.1076 336.37
37 21.99 21.99 0.78 0.1186 362.34
38 21.11 21.11 0.78 0.1129 360.23
39 22.13 22.13 0.77 0.1022 385.33
40 21.01 21.01 0.77 0.1293 315.94
41 19.34 19.34 0.77 0.1106 339.21
42 19.64 19.64 0.78 0.1226 365.67
43 18.55 18.55 0.78 0.1129 320.79
44 20.14 20.14 0.82 0.0930 355.45
45 20.26 20.26 0.82 0.0994 298.43
46 24.51 24.51 0.81 0.0931 282.98
47 23.57 23.57 0.83 0.0860 300.47
48 24.32 24.32 0.83 0.0945 310.49
49 24.00 24.00 0.83 0.0921 326.53
50 23.29 23.29 0.81 0.1065 301.30
51 22.29 22.29 0.80 0.1359 314.94
52 22.22 22.22 0.82 0.1260 306.78
53 20.85 20.85 0.82 0.1122 337.14
54 20.91 20.91 0.83 0.1004 323.12
55 21.41 21.41 0.82 0.1231 362.30
56 21.58 21.58 0.81 0.1454 325.75
57 21.77 21.77 0.82 0.1433 351.82
58 20.89 20.89 0.81 0.1330 350.31
59 20.36 20.36 0.80 0.1625 369.99
60 18.47 18.47 0.81 0.1361 277.95
61 16.84 16.84 0.80 0.1544 334.84
62 17.75 17.75 0.77 0.1515 322.05
63 19.42 19.42 0.75 0.1501 322.01
64 15.50 15.50 0.74 0.1809 288.88
65 23.56 23.56 0.85 0.0871 375.66
66 22.17 22.17 0.74 0.1011 313.60
67 22.34 22.34 0.81 0.0995 357.09
68 21.42 21.42 0.79 0.1119 374.21
69 21.71 21.71 0.73 0.1256 292.31
70 21.57 21.57 0.75 0.1485 363.83
71 21.13 21.13 0.73 0.1344 295.29
72 20.63 20.63 0.70 0.1374 385.79
73 21.19 21.19 0.70 0.1429 327.64
74 21.09 21.09 0.68 0.1350 301.03
75 20.18 20.18 0.70 0.1380 366.49
76 20.30 20.30 0.71 0.1217 270.34
77 19.80 19.80 0.66 0.1449 324.70
78 19.99 19.99 0.64 0.1535 283.18
79 17.80 17.80 0.50 0.1943 390.73
80 18.44 18.44 0.53 0.2387 353.25
81 17.03 17.03 0.47 0.2485 367.64
82 16.85 16.85 0.56 0.2113 315.84
83 16.81 16.81 0.50 0.2219 373.28
84 17.53 17.53 0.50 0.2595 314.46
85 15.83 15.83 0.47 0.2392 295.43
86 16.98 16.98 0.49 0.2045 329.77
87 15.81 15.81 0.44 0.2706 306.52
88 17.49 17.49 0.55 0.2004 336.19
89 19.05 19.05 0.69 0.1905 301.36
90 17.65 17.65 0.60 0.2061 379.08
91 18.06 18.06 0.70 0.1978 288.12
92 18.46 18.46 0.63 0.1772 329.24
93 18.38 18.38 0.62 0.2012 285.87
94 19.08 19.08 0.77 0.1689 283.00
95 19.06 19.06 0.77 0.1524 267.47
96 17.37 17.37 0.61 0.1855 390.00
97 17.50 17.50 0.66 0.2044 286.44
98 21.24 21.24 0.88 0.0752 312.40
99 22.27 22.27 0.89 0.0912 334.26
100 19.39 19.39 0.81 0.1824 326.65
101 17.23 17.23 0.78 0.1819 263.24
102 14.35 14.35 0.71 0.1843 422.74
103 17.44 17.44 0.70 0.2107 281.99
104 21.04 21.04 0.70 0.2312 316.23
105 18.43 18.43 0.64 0.1897 273.12
106 18.58 18.58 0.74 0.1895 295.62
107 19.21 19.21 0.73 0.1983 255.76
108 17.48 17.48 0.75 0.1684 325.42
109 19.75 19.75 0.74 0.2211 338.84
110 20.87 20.87 0.75 0.2232 284.85
111 19.61 19.61 0.72 0.2287 283.53
112 18.08 18.08 0.72 0.2461 291.13
113 18.28 18.28 0.75 0.2015 291.88
114 17.18 17.18 0.73 0.2142 300.31
115 16.79 16.79 0.67 0.2269 289.89
116 15.16 15.16 0.69 0.2073 322.11
117 16.26 16.26 0.67 0.1997 345.04
118 19.77 19.77 0.73 0.1758 286.80
119 20.57 20.57 0.72 0.1711 347.14
120 19.09 19.09 0.71 0.2097 262.28
121 18.89 18.89 0.74 0.1933 302.87
122 19.65 19.65 0.73 0.1933 324.30
123 19.21 19.21 0.74 0.1813 367.90
124 20.02 20.02 0.79 0.1341 348.08
125 21.54 21.54 0.80 0.1251 322.03
126 21.13 21.13 0.80 0.1345 344.90
127 20.11 20.11 0.80 0.1765 328.70
128 18.96 18.96 0.77 0.1745 353.62
129 19.90 19.90 0.73 0.1542 296.12
130 19.13 19.13 0.79 0.1139 379.85
131 21.80 21.80 0.89 0.0704 335.29
132 21.84 21.84 0.87 0.0757 192.74
133 21.88 21.88 0.88 0.0827 282.83
134 21.40 21.40 0.88 0.0832 296.70
135 21.21 21.21 0.88 0.1016 287.45
136 20.85 20.85 0.87 0.0953 272.33
137 21.10 21.10 0.88 0.0763 248.69
138 21.08 21.08 0.89 0.0725 278.96
139 20.04 20.04 0.87 0.0817 337.76
140 20.97 20.97 0.88 0.0742 253.71
141 21.15 21.15 0.90 0.0755 254.01
142 21.38 21.38 0.90 0.0733 239.48
143 21.22 21.22 0.89 0.0791 255.41
144 20.39 20.39 0.88 0.1306 261.00
145 21.66 21.66 0.90 0.0774 264.32
146 20.95 20.95 0.88 0.0750 267.23
147 21.69 21.69 0.90 0.0675 234.60
148 21.68 21.68 0.91 0.0625 266.54
149 20.41 20.41 0.90 0.0645 257.99
150 20.64 20.64 0.90 0.0656 376.89
151 20.00 20.00 0.89 0.0990 275.88
152 21.06 21.06 0.91 0.0723 336.09
153 20.25 20.25 0.91 0.0748 293.32
154 19.32 19.32 0.91 0.0777 379.65
155 17.96 17.96 0.89 0.0931 276.10
156 16.97 16.97 0.89 0.0895 309.36
157 19.18 19.18 0.88 0.0962 312.60
158 19.66 19.66 0.88 0.0916 404.69
159 19.13 19.13 0.88 0.0878 304.70
160 19.14 19.14 0.88 0.0909 255.04
161 18.77 18.77 0.88 0.0950 274.34
162 18.53 18.53 0.87 0.0826 277.00
163 19.23 19.23 0.88 0.0933 309.48
164 26.66 26.66 0.84 0.1073 330.03
165 26.17 26.17 0.84 0.1022 322.60
166 23.58 23.58 0.85 0.0825 313.44
167 24.50 24.50 0.86 0.0938 301.96
168 22.17 22.17 0.80 0.1126 264.11
169 24.44 24.44 0.85 0.0917 314.75
170 22.89 22.89 0.85 0.0961 271.10
171 22.69 22.69 0.84 0.1073 285.57
172 21.49 21.49 0.83 0.1098 410.24
173 22.12 22.12 0.83 0.1270 292.43
174 22.05 22.05 0.84 0.1117 359.67
175 22.93 22.93 0.84 0.1092 311.38
176 22.92 22.92 0.85 0.1011 325.03
177 21.67 21.67 0.83 0.1017 335.71
178 22.03 22.03 0.85 0.1021 261.28
179 21.34 21.34 0.83 0.1170 312.88
180 20.30 20.30 0.82 0.1152 301.56
181 19.96 19.96 0.79 0.1335 351.45
182 21.05 21.05 0.80 0.1332 280.24
183 23.24 23.24 0.81 0.1240 362.39
184 24.13 24.13 0.82 0.1405 287.96
185 23.17 23.17 0.77 0.1407 331.71
186 23.57 23.57 0.80 0.1281 275.49
187 22.08 22.08 0.77 0.1271 296.15
188 22.11 22.11 0.79 0.1116 289.47
189 23.75 23.75 0.77 0.1176 386.45
190 23.15 23.15 0.79 0.1190 289.21
191 22.50 22.50 0.76 0.1247 282.37
192 23.05 23.05 0.81 0.1232 332.10
193 22.91 22.91 0.78 0.1130 313.42
194 23.87 23.87 0.84 0.0932 310.11
195 24.04 24.04 0.86 0.0937 338.53
196 24.74 24.74 0.85 0.0941 302.83
197 24.31 24.31 0.83 0.1070 329.75
198 22.86 22.86 0.83 0.1230 253.66
199 22.67 22.67 0.83 0.1493 347.85
200 23.30 23.30 0.84 0.1349 256.70
201 22.24 22.24 0.82 0.1641 325.02
202 20.78 20.78 0.81 0.1326 255.41
203 24.29 24.29 0.86 0.1098 341.87
204 23.72 23.72 0.85 0.1069 270.62
205 24.77 24.77 0.85 0.1152 267.22
206 24.24 24.24 0.84 0.1425 289.98
207 23.59 23.59 0.83 0.1628 309.00
208 22.09 22.09 0.82 0.1589 319.29
209 22.03 22.03 0.80 0.1486 277.73
210 24.64 24.64 0.84 0.1289 305.29
211 23.80 23.80 0.83 0.1386 335.89
212 19.74 19.74 0.79 0.1594 310.55
213 22.62 22.62 0.81 0.1046 321.95
214 23.45 23.45 0.83 0.0961 262.31
215 24.05 24.05 0.82 0.0994 302.41
216 23.65 23.65 0.81 0.1153 249.36
217 23.45 23.45 0.80 0.1290 269.68
218 23.00 23.00 0.79 0.1314 258.37
219 23.42 23.42 0.82 0.1549 271.76
220 23.37 23.37 0.80 0.1509 303.87
221 21.85 21.85 0.80 0.1255 302.47
222 24.47 24.47 0.83 0.1184 345.64
223 23.99 23.99 0.82 0.1535 295.52
224 23.96 23.96 0.85 0.1161 265.72
225 23.69 23.69 0.84 0.1232 286.63
226 23.20 23.20 0.83 0.1410 210.52
227 22.88 22.88 0.83 0.1497 207.89
228 22.41 22.41 0.83 0.1225 343.23
229 23.56 23.56 0.83 0.0913 286.68
230 20.82 20.82 0.79 0.1263 377.47
231 21.03 21.03 0.81 0.1092 293.67
232 19.52 19.52 0.80 0.1159 257.65
233 18.88 18.88 0.74 0.1234 306.40
234 20.16 20.16 0.79 0.1275 280.97
235 19.49 19.49 0.78 0.1255 241.29
236 20.89 20.89 0.78 0.1141 370.50
237 23.78 23.78 0.82 0.1069 273.19
238 23.61 23.61 0.83 0.1160 318.29
239 23.31 23.31 0.82 0.1167 307.70
240 19.31 19.31 0.80 0.1328 305.01
241 20.74 20.74 0.73 0.1723 288.80
242 19.95 19.95 0.76 0.1459 302.67
243 19.85 19.85 0.80 0.1515 400.25
244 19.59 19.59 0.77 0.1911 283.97
245 19.06 19.06 0.75 0.1835 335.83
246 20.70 20.70 0.72 0.2105 277.82
247 18.44 18.44 0.67 0.2248 322.35
248 18.37 18.37 0.77 0.1348 288.72
249 19.33 19.33 0.78 0.1263 301.65
250 18.90 18.90 0.77 0.1365 304.58
251 19.57 19.57 0.77 0.1389 369.31
252 19.05 19.05 0.76 0.1504 337.36
253 20.45 20.45 0.78 0.1689 286.59
254 19.73 19.73 0.76 0.1296 319.66
255 19.07 19.07 0.76 0.1308 281.91
256 20.79 20.79 0.76 0.1540 298.11
257 24.03 24.03 0.78 0.1178 258.75
258 24.77 24.77 0.78 0.1149 338.37
259 26.22 26.22 0.79 0.1122 256.35
260 23.54 23.54 0.76 0.1689 346.09
261 23.76 23.76 0.77 0.1309 328.45
262 24.48 24.48 0.77 0.1509 311.87
263 19.95 19.95 0.86 0.1093 332.76
264 18.64 18.64 0.82 0.1519 332.73
265 17.43 17.43 0.76 0.1581 275.07
266 17.92 17.92 0.81 0.1739 255.33
267 17.63 17.63 0.82 0.1400 300.02
268 16.83 16.83 0.80 0.1701 311.47
269 18.49 18.49 0.85 0.1081 334.98
270 18.78 18.78 0.83 0.1197 263.00
271 18.82 18.82 0.84 0.1344 310.99
272 19.27 19.27 0.84 0.1221 309.66
273 19.68 19.68 0.82 0.1741 314.44
274 18.97 18.97 0.81 0.1494 276.35
275 18.24 18.24 0.78 0.1903 347.29
276 16.56 16.56 0.77 0.2337 282.17
277 15.64 15.64 0.73 0.2805 320.70
278 14.56 14.56 0.77 0.2053 355.56
279 17.11 17.11 0.88 0.0950 340.32
280 17.78 17.78 0.89 0.0840 291.48
281 19.19 19.19 0.90 0.0740 311.82
282 17.83 17.83 0.90 0.0793 350.33
283 17.60 17.60 0.89 0.0717 310.67
284 18.78 18.78 0.89 0.0748 307.55
285 17.67 17.67 0.90 0.0783 261.11
286 18.04 18.04 0.86 0.0778 223.57
287 18.10 18.10 0.88 0.0796 259.62
288 18.20 18.20 0.84 0.0900 259.35
289 17.89 17.89 0.85 0.0866 315.72
290 17.41 17.41 0.79 0.1046 294.28
291 17.11 17.11 0.80 0.1322 351.42
292 18.05 18.05 0.83 0.1388 273.67
293 18.29 18.29 0.81 0.1609 333.39
294 18.53 18.53 0.79 0.1760 323.40
295 19.22 19.22 0.79 0.1813 394.90
296 24.91 24.91 0.87 0.0861 327.50
297 24.29 24.29 0.86 0.0682 301.50
298 24.41 24.41 0.89 0.0677 277.69
299 24.87 24.87 0.86 0.0710 250.02
300 24.05 24.05 0.89 0.0546 440.40
301 24.55 24.55 0.90 0.0526 303.66
302 23.25 23.25 0.90 0.0536 329.27
303 24.60 24.60 0.90 0.0540 353.51
304 23.14 23.14 0.87 0.1405 286.75
305 22.67 22.67 0.89 0.0685 340.34
306 22.33 22.33 0.89 0.0679 340.91
307 22.61 22.61 0.88 0.0769 308.38
308 22.93 22.93 0.89 0.0732 355.90
309 20.52 20.52 0.88 0.0805 277.79
310 21.32 21.32 0.87 0.0851 269.80
311 19.71 19.71 0.87 0.0782 399.62
312 19.49 19.49 0.87 0.0869 343.31
313 22.15 22.15 0.88 0.0808 312.36
314 23.69 23.69 0.87 0.0757 289.99
315 23.48 23.48 0.86 0.0984 222.81
316 23.67 23.67 0.87 0.1060 291.11
317 22.84 22.84 0.87 0.1123 322.66
318 23.14 23.14 0.87 0.0981 308.39
319 22.76 22.76 0.85 0.1010 346.44
320 22.75 22.75 0.86 0.1023 310.01
321 23.21 23.21 0.85 0.1167 357.78
322 21.22 21.22 0.83 0.1551 306.86
323 20.41 20.41 0.82 0.1260 356.80
324 20.17 20.17 0.80 0.1815 313.47
325 18.91 18.91 0.75 0.1961 261.60
326 19.77 19.77 0.69 0.2435 297.97
327 19.01 19.01 0.68 0.2618 330.42
328 20.88 20.88 0.74 0.2516 296.44
329 20.96 20.96 0.81 0.1610 281.93
330 18.72 18.72 0.81 0.1757 288.39
331 18.53 18.53 0.82 0.1638 291.71
332 19.49 19.49 0.80 0.1726 280.40
333 20.85 20.85 0.81 0.1917 328.73
334 20.89 20.89 0.82 0.1570 391.38
335 20.19 20.19 0.83 0.1418 296.62
336 20.47 20.47 0.83 0.1363 278.21
337 19.75 19.75 0.82 0.1563 297.76
338 20.61 20.61 0.82 0.1616 253.00
339 21.85 21.85 0.84 0.1695 237.27
340 24.12 24.12 0.86 0.1296 329.42
341 26.82 26.82 0.87 0.1223 311.27
342 23.42 23.42 0.84 0.1666 350.29
343 22.43 22.43 0.79 0.2160 349.74
344 20.99 20.99 0.82 0.1731 308.16
345 22.95 22.95 0.85 0.1211 347.29
346 23.49 23.49 0.87 0.1077 279.45
347 21.99 21.99 0.86 0.1065 301.87
348 21.43 21.43 0.85 0.0926 315.22
349 20.73 20.73 0.84 0.1346 292.22
350 21.27 21.27 0.82 0.1237 289.80
351 23.55 23.55 0.83 0.1415 342.76
352 23.89 23.89 0.85 0.1167 276.26
353 22.60 22.60 0.85 0.1117 284.71
354 21.45 21.45 0.82 0.1428 331.59
355 20.58 20.58 0.81 0.1602 260.31
356 20.52 20.52 0.79 0.1326 381.87
357 21.00 21.00 0.78 0.1483 292.53
358 19.70 19.70 0.76 0.1741 370.44
359 20.73 20.73 0.72 0.2303 272.35
360 21.89 21.89 0.73 0.2480 363.41
361 19.94 19.94 0.68 0.2459 325.91
362 27.44 27.44 0.87 0.0644 338.64
363 27.10 27.10 0.87 0.0691 288.64
364 26.44 26.44 0.86 0.0719 323.56
365 29.16 29.16 0.89 0.0519 292.38
366 28.30 28.30 0.86 0.0606 277.38
367 29.42 29.42 0.89 0.0532 303.38
368 28.43 28.43 0.87 0.0590 306.12
369 25.80 25.80 0.85 0.0664 299.05
370 25.01 25.01 0.82 0.0689 317.05
371 25.84 25.84 0.87 0.0696 338.99
372 25.84 25.84 0.85 0.0670 360.03
373 26.21 26.21 0.86 0.0642 365.32
374 28.06 28.06 0.88 0.0601 390.28
375 27.87 27.87 0.88 0.0682 345.55
376 29.02 29.02 0.88 0.0585 271.69
377 28.37 28.37 0.88 0.0539 324.89
378 28.76 28.76 0.90 0.0585 350.03
379 26.84 26.84 0.85 0.0606 325.04
380 27.23 27.23 0.85 0.0827 310.66
381 25.37 25.37 0.81 0.0686 371.25
382 27.63 27.63 0.90 0.0531 297.66
383 26.77 26.77 0.86 0.0639 321.43
384 25.22 25.22 0.82 0.0642 270.49
385 24.41 24.41 0.80 0.0741 335.87
386 25.86 25.86 0.85 0.0661 271.10
387 27.41 27.41 0.87 0.0553 374.75
388 27.49 27.49 0.88 0.0534 285.37
389 26.47 26.47 0.85 0.0599 378.10
390 25.75 25.75 0.83 0.0613 269.11
391 25.12 25.12 0.82 0.0603 238.58
392 28.84 28.84 0.90 0.0511 301.69
393 26.47 26.47 0.89 0.0517 276.90
394 27.43 27.43 0.88 0.0548 286.27
395 25.19 25.19 0.84 0.0843 317.72
396 24.64 24.64 0.84 0.0814 269.47
397 23.60 23.60 0.79 0.1084 273.17
398 24.65 24.65 0.81 0.1082 249.52
399 25.27 25.27 0.82 0.0919 252.19
400 25.85 25.85 0.82 0.0884 229.88
401 25.72 25.72 0.83 0.1098 230.18
402 26.13 26.13 0.84 0.0915 212.94
403 26.41 26.41 0.85 0.0891 188.59
404 25.83 25.83 0.84 0.0897 214.32
405 26.29 26.29 0.84 0.0857 242.76
406 26.35 26.35 0.86 0.0833 201.63
407 25.96 25.96 0.81 0.1062 240.21
408 26.18 26.18 0.81 0.0975 251.52
409 27.01 27.01 0.83 0.1049 260.92
410 26.43 26.43 0.81 0.1196 302.21
411 24.74 24.74 0.80 0.1374 227.46
412 26.56 26.56 0.81 0.1277 225.64
413 25.78 25.78 0.80 0.1355 223.62
414 25.37 25.37 0.80 0.1404 246.30
415 21.91 21.91 0.79 0.1201 247.96
416 22.98 22.98 0.79 0.1196 353.32
417 23.62 23.62 0.79 0.1081 340.22
418 23.90 23.90 0.79 0.1081 315.25
419 24.10 24.10 0.76 0.1099 282.30
420 26.55 26.55 0.81 0.0933 298.08
421 26.88 26.88 0.83 0.0962 369.94
422 26.59 26.59 0.82 0.1028 305.50
423 25.79 25.79 0.80 0.1090 370.83
424 24.27 24.27 0.74 0.1256 353.78
425 24.68 24.68 0.73 0.1260 272.26
426 25.77 25.77 0.80 0.1175 306.23
427 25.02 25.02 0.78 0.1359 270.18
428 22.46 22.46 0.73 0.1861 296.77
429 25.09 25.09 0.76 0.1659 321.06
430 24.93 24.93 0.76 0.1539 272.06
431 23.35 23.35 0.73 0.1323 303.87
432 24.39 24.39 0.76 0.1125 236.33
433 24.56 24.56 0.76 0.1183 348.65
434 23.47 23.47 0.74 0.1307 304.07
435 22.69 22.69 0.76 0.1328 318.72
436 22.74 22.74 0.76 0.1391 295.60
437 21.49 21.49 0.71 0.1786 267.47
438 21.91 21.91 0.74 0.1491 375.66
439 21.60 21.60 0.75 0.1574 292.48
440 22.17 22.17 0.76 0.1642 295.83
441 22.78 22.78 0.77 0.1433 330.41
442 23.46 23.46 0.77 0.1788 381.16
443 22.43 22.43 0.80 0.1352 350.71
444 22.54 22.54 0.82 0.1209 379.24
445 23.25 23.25 0.85 0.0994 314.52
446 24.40 24.40 0.87 0.0761 396.80
447 23.50 23.50 0.87 0.0813 289.23
448 22.87 22.87 0.87 0.0883 371.57
449 23.93 23.93 0.88 0.0892 340.77
450 24.04 24.04 0.86 0.0865 326.24
451 23.92 23.92 0.85 0.1086 282.46
452 24.25 24.25 0.85 0.1062 272.39
453 23.58 23.58 0.84 0.1041 326.74
454 23.76 23.76 0.83 0.1330 288.72
455 23.35 23.35 0.80 0.1590 355.21
456 23.79 23.79 0.79 0.1424 284.94
457 23.64 23.64 0.76 0.1549 364.14
458 23.41 23.41 0.74 0.1594 272.54
459 25.21 25.21 0.76 0.1596 317.46
460 24.23 24.23 0.75 0.1544 226.57
461 31.13 31.13 0.89 0.0667 328.44
462 31.53 31.53 0.89 0.0593 317.33
463 29.29 29.29 0.88 0.0626 347.03
464 27.92 27.92 0.87 0.0762 266.74
465 28.87 28.87 0.87 0.0825 353.18
466 29.71 29.71 0.86 0.0818 269.26
467 29.25 29.25 0.86 0.0793 278.00
468 28.25 28.25 0.86 0.0904 305.94
469 27.64 27.64 0.84 0.0948 309.72
470 26.40 26.40 0.82 0.1013 330.39
471 24.90 24.90 0.80 0.1151 303.29
472 26.13 26.13 0.83 0.1107 299.59
473 24.42 24.42 0.81 0.1108 233.89
474 24.19 24.19 0.82 0.1121 308.58
475 26.20 26.20 0.81 0.1191 300.80
476 27.09 27.09 0.81 0.1136 291.05
477 25.32 25.32 0.79 0.1266 358.97
478 23.19 23.19 0.77 0.1903 375.55
479 25.53 25.53 0.80 0.1180 287.48
480 23.43 23.43 0.79 0.1372 324.63
481 22.50 22.50 0.77 0.1490 290.39
482 22.71 22.71 0.75 0.1585 325.15
483 21.80 21.80 0.74 0.1742 302.30
484 22.12 22.12 0.73 0.1812 301.90
485 22.02 22.02 0.74 0.1504 358.28
486 23.40 23.40 0.75 0.1429 328.98
487 21.73 21.73 0.73 0.1512 325.82
488 21.50 21.50 0.73 0.1529 307.41
489 21.00 21.00 0.72 0.1429 315.28
490 21.08 21.08 0.72 0.1584 287.91
491 21.10 21.10 0.74 0.1793 315.64
492 20.25 20.25 0.74 0.1583 294.05
493 20.01 20.01 0.70 0.1974 289.74
494 18.76 18.76 0.79 0.1764 330.42
495 19.54 19.54 0.79 0.1409 364.62
496 20.51 20.51 0.78 0.1729 275.99
497 19.27 19.27 0.75 0.1808 279.21
498 20.43 20.43 0.78 0.1756 338.46
499 20.76 20.76 0.79 0.1677 284.22
500 19.22 19.22 0.75 0.1895 345.00
501 18.81 18.81 0.77 0.1578 301.74
502 18.41 18.41 0.77 0.1559 282.00
503 18.53 18.53 0.78 0.1399 355.86
504 19.74 19.74 0.81 0.1337 337.05
505 20.88 20.88 0.83 0.1133 279.06
506 24.27 24.27 0.85 0.0949 319.04
507 24.48 24.48 0.86 0.0799 281.49
508 24.36 24.36 0.86 0.0812 224.13
509 24.56 24.56 0.85 0.0854 229.91
510 24.62 24.62 0.84 0.0916 331.72
511 23.68 23.68 0.84 0.0958 285.61
512 23.61 23.61 0.83 0.1023 247.23
513 23.13 23.13 0.81 0.1096 312.31
514 22.04 22.04 0.80 0.1184 367.59
515 22.16 22.16 0.79 0.1128 334.58
516 21.74 21.74 0.79 0.1137 310.68
517 21.35 21.35 0.79 0.1267 325.85
518 21.51 21.51 0.79 0.1194 297.47
519 20.79 20.79 0.79 0.1227 296.10
520 20.51 20.51 0.77 0.1370 309.48
521 19.33 19.33 0.75 0.1549 298.23
522 20.69 20.69 0.74 0.1502 313.17
523 19.92 19.92 0.72 0.1553 307.73
524 19.42 19.42 0.71 0.1624 277.93
525 21.38 21.38 0.72 0.1427 284.71
526 20.60 20.60 0.73 0.1810 305.89
527 26.75 26.75 0.84 0.1222 249.72
528 24.94 24.94 0.81 0.1361 316.32
529 23.21 23.21 0.78 0.1211 384.38
530 22.78 22.78 0.73 0.2217 296.05
531 23.29 23.29 0.75 0.1557 311.46
532 22.20 22.20 0.74 0.1696 319.60
533 21.08 21.08 0.71 0.2101 305.84
534 20.52 20.52 0.69 0.2331 305.61
535 21.13 21.13 0.70 0.2305 285.40
536 20.44 20.44 0.67 0.2235 311.37
537 21.57 21.57 0.67 0.2233 323.20
538 22.08 22.08 0.65 0.1977 289.03
539 22.41 22.41 0.68 0.2127 293.05
540 21.33 21.33 0.67 0.2157 304.05
541 21.10 21.10 0.68 0.2047 268.95
542 22.59 22.59 0.68 0.2247 283.58
543 21.10 21.10 0.70 0.1850 283.60
544 22.91 22.91 0.73 0.1571 310.37
545 23.02 23.02 0.74 0.1750 285.97
546 22.86 22.86 0.73 0.1788 228.47
547 21.66 21.66 0.71 0.1802 300.28
548 20.57 20.57 0.70 0.2086 302.59
549 22.11 22.11 0.71 0.2323 356.17
550 21.78 21.78 0.74 0.1478 288.68
551 22.20 22.20 0.73 0.1695 360.99
552 22.52 22.52 0.74 0.1547 338.44
553 21.97 21.97 0.74 0.1623 318.56
554 23.34 23.34 0.75 0.1653 390.83
555 22.26 22.26 0.75 0.1614 373.71
556 25.09 25.09 0.79 0.1104 339.73
557 24.44 24.44 0.73 0.1134 270.97
558 24.42 24.42 0.77 0.1179 302.52
559 24.71 24.71 0.78 0.1158 334.23
560 18.12 18.12 0.80 0.1366 344.08
561 17.70 17.70 0.82 0.1198 343.49
562 18.08 18.08 0.82 0.1192 319.98
563 16.57 16.57 0.79 0.1534 359.54
564 15.31 15.31 0.80 0.1390 382.11
565 18.37 18.37 0.80 0.1363 270.30
566 17.85 17.85 0.78 0.1511 365.45
567 16.25 16.25 0.79 0.1579 326.15
568 17.96 17.96 0.80 0.1765 308.69
569 16.42 16.42 0.77 0.1501 272.06
570 15.50 15.50 0.78 0.1526 265.46
571 19.12 19.12 0.77 0.1431 250.49
572 17.47 17.47 0.78 0.1608 311.63
573 16.06 16.06 0.78 0.1821 323.79
574 17.40 17.40 0.78 0.1645 305.35
575 15.84 15.84 0.75 0.1917 296.17
576 15.29 15.29 0.75 0.1988 324.63
577 20.61 20.61 0.76 0.1887 261.77
578 20.77 20.77 0.76 0.1797 298.63
579 21.09 21.09 0.82 0.1209 273.02
580 19.25 19.25 0.81 0.1227 418.65
581 15.57 15.57 0.80 0.1323 343.75
582 15.96 15.96 0.79 0.1339 410.18
583 16.49 16.49 0.80 0.1383 291.13
584 17.70 17.70 0.79 0.1515 312.47
585 17.29 17.29 0.79 0.1744 298.72
586 17.50 17.50 0.79 0.1557 272.52
587 15.05 15.05 0.78 0.1653 342.13
588 16.18 16.18 0.78 0.1710 296.19
589 17.65 17.65 0.77 0.1718 273.15
590 17.20 17.20 0.77 0.1799 352.55
591 16.69 16.69 0.76 0.1864 282.84
592 15.55 15.55 0.75 0.2013 326.84
593 17.91 17.91 0.69 0.1785 329.83
594 17.01 17.01 0.68 0.1826 329.61
595 17.69 17.69 0.65 0.1985 300.71
596 16.33 16.33 0.69 0.1993 202.21
597 17.64 17.64 0.66 0.2433 283.52
598 16.69 16.69 0.68 0.1946 270.19
599 17.97 17.97 0.71 0.1694 309.10
600 20.03 20.03 0.71 0.1528 265.99
601 19.53 19.53 0.75 0.1448 387.74
602 17.60 17.60 0.70 0.1468 252.03
603 18.90 18.90 0.74 0.1417 349.72
604 16.94 16.94 0.75 0.1500 322.21
605 18.16 18.16 0.77 0.1402 331.47
606 17.19 17.19 0.59 0.1674 344.00
607 17.55 17.55 0.72 0.1550 315.13
608 17.00 17.00 0.67 0.1621 309.50
609 18.48 18.48 0.71 0.1531 315.56
610 17.10 17.10 0.70 0.1554 306.40
611 19.60 19.60 0.68 0.1642 308.20
612 20.03 20.03 0.68 0.1634 372.64
613 20.77 20.77 0.69 0.1524 278.32
614 20.85 20.85 0.66 0.1431 373.81
615 21.19 21.19 0.71 0.1389 263.45
616 21.40 21.40 0.75 0.1208 332.03
617 20.17 20.17 0.77 0.1101 316.48
618 18.76 18.76 0.79 0.1078 326.53
619 19.74 19.74 0.83 0.1021 332.82
620 19.76 19.76 0.83 0.1047 312.65
621 18.99 18.99 0.83 0.1066 305.94
622 19.08 19.08 0.82 0.1060 347.02
623 20.14 20.14 0.83 0.1107 324.37
624 19.84 19.84 0.80 0.1112 339.56
625 20.08 20.08 0.82 0.1125 302.58
626 20.87 20.87 0.65 0.2056 291.87
627 19.72 19.72 0.68 0.1735 269.67
628 20.20 20.20 0.66 0.1974 381.80
629 21.08 21.08 0.70 0.1655 358.25
630 21.19 21.19 0.69 0.1673 336.76
631 21.14 21.14 0.69 0.1597 275.40
